=== Average Polarity Per Year (By Category) ===
Category      ARTS  ARTS & CULTURE  BLACK VOICES  BUSINESS   COLLEGE    COMEDY     CRIME  CULTURE & ARTS   DIVORCE  EDUCATION  ENTERTAINMENT  ENVIRONMENT     FIFTY  FOOD & DRINK  GOOD NEWS     GREEN  HEALTHY LIVING  HOME & LIVING    IMPACT  LATINO VOICES     MEDIA     MONEY  PARENTING   PARENTS  POLITICS  QUEER VOICES  RELIGION   SCIENCE    SPORTS     STYLE  STYLE & BEAUTY     TASTE      TECH    TRAVEL  WEDDINGS  WEIRD NEWS  WELLNESS     WOMEN  WORLD NEWS  WORLDPOST
Year                                                                                                                                                                                                                                                                                                                                                                                                                                                                                  
2003      0.041667        0.250000     -0.010573  0.018368  0.096212 -0.037302 -0.055490        0.000000 -0.034286   0.120966       0.045927    -0.051852  0.000000      0.089478  -0.031111 -0.006534        0.077019       0.115000  0.029397      -0.375000 -0.033460  0.095833   0.086490  0.126190  0.010617      0.117220  0.029412  0.047510  0.102673  0.000000        0.044835  0.000000  0.017045  0.031963  0.266667   -0.025414  0.017770  0.097619    0.033084  -0.009008
2004     -0.065000        0.028571      0.036293  0.020471  0.035000  0.040625 -0.054137        0.000000  0.000000  -0.000303       0.034292    -0.020000  0.000000      0.033667   0.150000  0.041911        0.006866       0.033009  0.010526      -0.038889  0.009877  0.024691   0.062099  0.083333  0.019059      0.084957  0.041396  0.078819  0.086676  0.150000       -0.094318  0.000000  0.064702  0.056366  0.000000    0.010900  0.037518  0.059091   -0.026330  -0.016845
2005      0.086111        0.045455     -0.016919  0.009276  0.000000 -0.030909 -0.057808        0.250000  0.104545   0.021164       0.021141    -0.075926  0.000000      0.064463   0.260000  0.014709        0.017735       0.074186  0.076541      -0.109259  0.001786  0.017857   0.097190  0.167857  0.008366      0.035764  0.019697  0.006271  0.109896  0.027273        0.063885  0.214815 -0.079259  0.037821 -0.250000   -0.040448  0.009826  0.035714    0.025663  -0.008768
2006      0.059444        0.000000     -0.047178  0.002975  0.081818  0.050000 -0.059771        0.000000 -0.067321   0.000000       0.038347     0.066667  0.000000      0.070370  -0.040000 -0.017417        0.023603       0.055044  0.006349            NaN  0.011563  0.011364   0.007143  0.000000  0.006670      0.087500  0.055195  0.022529  0.137574 -0.175000        0.004568       NaN  0.052041  0.030979  0.000000   -0.027872  0.022814 -0.006250    0.035173  -0.011840
2007      0.015385        0.095238     -0.022385  0.006337 -0.009091 -0.144444 -0.055042        0.450000 -0.092857  -0.001389       0.027892    -0.013889  0.025000      0.097333  -0.055556  0.019052       -0.000888      -0.007193  0.022079       0.000000 -0.017857  0.066316   0.019582  0.000000  0.009247      0.003742  0.051623  0.033974  0.119023  0.051948       -0.005522  0.083333  0.030303  0.045484 -0.042857    0.009588  0.038958  0.073316   -0.015993  -0.009945
2008      0.030769        0.015057      0.029915  0.031582 -0.140000 -0.026471 -0.054759        0.000000  0.000000   0.010277       0.030697     0.041667  0.100000      0.094815  -0.059184  0.005456        0.010372       0.151649 -0.007448            NaN  0.017593  0.016406   0.032527 -0.059137  0.017316      0.056047  0.037302  0.114015  0.067350  0.027431        0.021032  0.277778  0.059343  0.032330 -0.025000    0.005142  0.042636  0.038889   -0.046212  -0.001026
2009      0.033333       -0.333333     -0.001948  0.023427  0.050000 -0.062500 -0.050285        0.000000  0.000000  -0.005952       0.018369     0.109740  0.158333      0.136806  -0.033333  0.025081        0.014073       0.078106  0.016667       0.000000  0.021957  0.035000  -0.009823  0.013636  0.009486      0.061616  0.200000  0.010772  0.032373  0.040909        0.009428       NaN  0.098295  0.030397 -0.066667   -0.021267  0.027340  0.012258    0.036393  -0.006516
2010      0.102381        0.060000     -0.027020  0.030758  0.062500 -0.112092 -0.060424        0.000000 -0.077143   0.007500       0.022748     0.022917 -0.016667      0.103378  -0.107500  0.021672       -0.001545       0.004691 -0.004910            NaN -0.046412 -0.004861  -0.033087 -0.078571  0.002896      0.125985  0.057348  0.034818  0.079808  0.083333        0.000319  0.000000  0.028446  0.071713  0.080000   -0.021523  0.017622  0.056768   -0.059402  -0.006567
2011      0.200000        0.000000      0.022377  0.009455  0.041667  0.093706 -0.049965        0.100000 -0.002381   0.026842       0.019401     0.084524  0.050000      0.101004   0.007692  0.026136       -0.008936       0.061050  0.017745       0.000000  0.027255  0.038492   0.021814  0.000000  0.008107      0.119762 -0.011111  0.101818  0.132233  0.075000       -0.025417 -0.047222 -0.023077  0.046089 -0.028571   -0.015310  0.025122  0.150000   -0.011495  -0.004599
2012     -0.026190        0.020000     -0.012626  0.029911  0.011111 -0.094156 -0.059223        0.000000  0.000000   0.010714       0.022201    -0.083333  0.016667      0.055611   0.015385  0.026068        0.006020       0.061694 -0.004343            NaN  0.028025  0.004309   0.002952  0.000000  0.009887      0.136865  0.129545  0.058636  0.082781  0.181818        0.035000  0.000000  0.042182  0.039378 -0.062500   -0.007965  0.050906  0.035764    0.003990   0.001937
2013     -0.004167        0.062500     -0.031032  0.027071  0.010000  0.002083 -0.055656        0.208333  0.024793  -0.013333       0.024233     0.057407  0.063636      0.069478   0.050000  0.038506        0.012952       0.088343 -0.000214            NaN  0.013657  0.060218   0.013321  0.000000  0.010007      0.057524  0.013455  0.053835  0.076368  0.237374        0.062013  0.500000  0.061301  0.047171  0.000000   -0.015863  0.014402  0.078571    0.009573  -0.023253
2014      0.023077        0.106061      0.002835  0.046636  0.017562 -0.039286 -0.051244             NaN  0.042857   0.033434       0.027942     0.085085  0.000000     -0.005590   0.050000  0.022229        0.013003       0.055169  0.014286       0.000000 -0.031772  0.030136  -0.028763  0.045170  0.013462      0.106988 -0.009722  0.050407  0.107627  0.220303        0.043200  0.195833  0.057931  0.053341  0.277778   -0.027411  0.018553  0.108036    0.016825   0.004101
2015      0.054966        0.013636     -0.009091  0.014462  0.091905  0.047697 -0.061044        0.147273  0.000000  -0.013182       0.039547     0.018750  0.000000      0.047179   0.108889  0.045419        0.019773       0.002899 -0.035985            NaN  0.006846  0.028621   0.001260  0.107193  0.018292      0.045428  0.136279  0.069508  0.103661  0.000000        0.001856  0.000000  0.031001  0.030752  0.099975   -0.018981  0.023609  0.042949    0.028836  -0.002955
2016      0.053147        0.042857     -0.040817  0.036555  0.006122  0.013815 -0.042233        0.125000 -0.038889   0.074500       0.033590     0.135892  0.002500      0.002558   0.035000  0.005572        0.038566       0.063067  0.026158            NaN  0.009238 -0.012384   0.007682 -0.070000  0.016159      0.067740  0.031818  0.025112  0.106438  0.240909        0.022222       NaN  0.007239  0.025733  0.166667    0.002361  0.023775  0.035831    0.013122  -0.013571
2017      0.020833        0.009091      0.018056  0.032757  0.027778 -0.034762 -0.079830        0.000000  0.042500   0.232000       0.008868    -0.091667  0.011905      0.121648   0.033333  0.016375       -0.004933       0.148788 -0.043659       0.000000  0.096295 -0.006250   0.041448  0.033333  0.015013      0.057000  0.033654 -0.036485  0.068811  0.050000        0.072456 -0.091667 -0.030565  0.051395  0.094444   -0.005556  0.064193  0.139127   -0.003130   0.001857
2018      0.043333       -0.080000     -0.025479  0.006027  0.166667 -0.213384 -0.083500        0.000000 -0.037500   0.035556       0.030296    -0.089286 -0.008333      0.021494   0.229286  0.043264       -0.003157       0.065199  0.106410            NaN -0.005392  0.083333   0.000308  0.016667  0.010895      0.097845  0.099383  0.046690  0.025197  0.141667        0.031250  0.050000 -0.016667  0.050267  0.000000    0.002809  0.062317  0.099038    0.016355   0.006647
2019      0.208333       -0.053472     -0.006875  0.016380  0.038333 -0.031194 -0.062967        0.000000  0.112121  -0.078571       0.023279    -0.083333  0.054167      0.021528   0.110000  0.038544       -0.001553      -0.011343 -0.080114            NaN  0.317016  0.011342   0.065494  0.000000  0.011632      0.031818 -0.060000  0.087430  0.078217 -0.062500       -0.013095       NaN  0.024632  0.025615  0.300000   -0.051562  0.047772 -0.016377    0.021919  -0.008643
2020      0.016667        0.000000     -0.071875  0.026886  0.004938  0.010882 -0.057763             NaN  0.000000   0.000000       0.039949     0.045455  0.104167      0.016250  -0.158333 -0.017974        0.020487       0.079279 -0.008333            NaN  0.042298 -0.009091   0.088889  0.112500  0.014924      0.064502  0.017614  0.043834  0.028933  0.041667        0.043269       NaN -0.098851  0.052964  0.000000   -0.003623  0.039334  0.333333    0.029390  -0.009863
2021      0.050000        0.066667     -0.483333  0.050777  0.000000  0.166667 -0.084478             NaN  0.000000   0.080000       0.051226     0.000000       NaN      0.228571   0.250000 -0.023077        0.029274       0.022024  0.033333       0.266667 -0.080682  0.066000  -0.045833  0.025000  0.021898     -0.142593  0.025000  0.057692  0.119091  0.000000        0.090000       NaN  0.000000  0.063179  0.000000    0.002708 -0.003276  0.175000   -0.012616   0.006992

=== Average Subjectivity Per Year (By Category) ===
Category      ARTS  ARTS & CULTURE  BLACK VOICES  BUSINESS   COLLEGE    COMEDY     CRIME  CULTURE & ARTS   DIVORCE  EDUCATION  ENTERTAINMENT  ENVIRONMENT     FIFTY  FOOD & DRINK  GOOD NEWS     GREEN  HEALTHY LIVING  HOME & LIVING    IMPACT  LATINO VOICES     MEDIA     MONEY  PARENTING   PARENTS  POLITICS  QUEER VOICES  RELIGION   SCIENCE    SPORTS     STYLE  STYLE & BEAUTY     TASTE      TECH    TRAVEL  WEDDINGS  WEIRD NEWS  WELLNESS     WOMEN  WORLD NEWS  WORLDPOST
Year                                                                                                                                                                                                                                                                                                                                                                                                                                                                                  
2003      0.083333        0.250000      0.194631  0.200056  0.181818  0.282540  0.085564        0.000000  0.322857   0.196693       0.152905     0.096296  0.000000      0.203662   0.057778  0.204610        0.153196       0.256667  0.137040       0.500000  0.149255  0.091667   0.270360  0.170238  0.136406      0.216141  0.119608  0.334293  0.171716  0.000000        0.161570  0.000000  0.056818  0.129322  0.333333    0.199527  0.158159  0.431746    0.064776   0.103549
2004      0.104000        0.150000      0.162382  0.161656  0.090000  0.206250  0.148327        0.000000  0.000000   0.170379       0.151968     0.130000  0.000000      0.179667   0.162500  0.197879        0.203483       0.206656  0.078947       0.072222  0.097531  0.066049   0.307372  0.125000  0.131848      0.186364  0.135083  0.135417  0.217031  0.170833        0.118939  0.150000  0.150568  0.136963  0.000000    0.114531  0.177029  0.175758    0.095301   0.091108
2005      0.197222        0.151515      0.182576  0.159786  0.083333  0.220303  0.113665        0.500000  0.131818   0.082011       0.144607     0.214815  0.000000      0.124441   0.320000  0.187548        0.177485       0.283656  0.129180       0.131481  0.067857  0.035714   0.140937  0.200000  0.126927      0.162046  0.078157  0.106860  0.263256  0.090909        0.226053  0.251852  0.164444  0.133755  0.250000    0.121212  0.193236  0.200433    0.082197   0.118166
2006      0.143333        0.000000      0.173448  0.125792  0.154209  0.116667  0.153283        0.000000  0.247381   0.000000       0.139809     0.100000  0.000000      0.114815   0.070000  0.116139        0.155220       0.206771  0.114286            NaN  0.188251  0.071212   0.094048  0.000000  0.122856      0.212500  0.100649  0.207206  0.214314  0.418750        0.231726       NaN  0.187075  0.151478  0.000000    0.160264  0.167232  0.004167    0.085101   0.125005
2007      0.096154        0.178571      0.142118  0.123215  0.009091  0.376587  0.112264        0.600000  0.273571   0.212037       0.136904     0.172222  0.056667      0.159000   0.348889  0.158747        0.146177       0.211432  0.088123       0.000000  0.150000  0.115263   0.173823  0.000000  0.138335      0.191628  0.100325  0.050000  0.247391  0.142857        0.093199  0.375000  0.069697  0.140685  0.228571    0.086514  0.178916  0.219234    0.078788   0.126442
2008      0.123077        0.185606      0.149145  0.140099  0.133333  0.105882  0.155548        0.000000  0.000000   0.161430       0.130377     0.187500  0.200000      0.188519   0.236735  0.149029        0.196678       0.272830  0.083639            NaN  0.093827  0.078104   0.134677  0.200835  0.146631      0.171006  0.067460  0.185606  0.144416  0.088194        0.163889  0.544444  0.232534  0.128593  0.313889    0.129691  0.181315  0.248148    0.079293   0.129171
2009      0.316667        0.333333      0.136750  0.131748  0.162500  0.163636  0.141407        0.000000  0.000000   0.192857       0.126300     0.225325  0.408333      0.156250   0.044444  0.173387        0.157979       0.290215  0.100595       0.000000  0.117950  0.095000   0.131292  0.221212  0.158683      0.192266  0.446667  0.188423  0.162261  0.145455        0.116919       NaN  0.150568  0.178894  0.150000    0.090885  0.175073  0.195531    0.091524   0.115783
2010      0.271429        0.000000      0.234577  0.133796  0.100000  0.205229  0.143648        0.000000  0.121429   0.060313       0.127274     0.308333  0.066667      0.154279   0.138333  0.209885        0.131510       0.136522  0.103773            NaN  0.168056  0.009028   0.176723  0.350000  0.133822      0.243352  0.290606  0.199727  0.229567  0.083333        0.150917  0.000000  0.041479  0.154220  0.160000    0.174955  0.177251  0.144040    0.136822   0.134524
2011      0.300000        0.000000      0.163373  0.154869  0.111111  0.179021  0.157693        0.175000  0.290476   0.053421       0.116807     0.161905  0.135714      0.268076   0.053846  0.137581        0.168444       0.190476  0.068444       0.000000  0.055862  0.090873   0.142034  0.000000  0.152650      0.194095  0.044444  0.197727  0.230183  0.143750        0.152500  0.275000  0.015385  0.153705  0.285714    0.124551  0.151020  0.261111    0.049527   0.126112
2012      0.302381        0.080000      0.121212  0.132389  0.000000  0.302020  0.136110        0.000000  0.000000   0.116071       0.108923     0.088889  0.066667      0.219512   0.180769  0.132973        0.180037       0.100660  0.097374            NaN  0.072436  0.113105   0.129051  0.000000  0.132731      0.283031  0.270455  0.144205  0.217155  0.139394        0.107857  0.000000  0.113273  0.139430  0.175000    0.132354  0.167625  0.190972    0.120429   0.091288
2013      0.195833        0.093750      0.177460  0.170252  0.060833  0.097917  0.154288        0.105556  0.098140   0.089259       0.128509     0.104012  0.112121      0.184665   0.016667  0.133128        0.158031       0.168920  0.119765            NaN  0.080787  0.141006   0.127767  0.000000  0.135451      0.148071  0.094515  0.123548  0.218296  0.328283        0.174269  0.750000  0.196465  0.159633  0.000000    0.101406  0.169835  0.164286    0.092956   0.112672
2014      0.073077        0.159091      0.116439  0.164463  0.063085  0.221429  0.158977             NaN  0.071429   0.118485       0.125899     0.347159  0.000000      0.206414   0.083333  0.161513        0.155893       0.117085  0.069196       0.000000  0.107897  0.183955   0.168459  0.103693  0.134017      0.324379  0.190278  0.172740  0.214344  0.418788        0.160931  0.220833  0.233231  0.140829  0.205556    0.123425  0.162108  0.214881    0.086230   0.098057
2015      0.158838        0.025000      0.157576  0.163112  0.174762  0.102632  0.174302        0.240909  0.000000   0.132121       0.157067     0.131250  0.000000      0.215308   0.307778  0.182662        0.210070       0.244889  0.166856            NaN  0.075309  0.073678   0.176282  0.195588  0.151784      0.277042  0.238910  0.270690  0.264376  0.000000        0.190285  0.000000  0.222385  0.146493  0.189823    0.113746  0.252641  0.242308    0.077866   0.138633
2016      0.254079        0.257143      0.193571  0.146264  0.138265  0.132353  0.186510        0.275000  0.072222   0.228833       0.170632     0.325135  0.285000      0.171579   0.103333  0.239215        0.228323       0.259600  0.129276            NaN  0.093333  0.163657   0.148785  0.340000  0.155287      0.155214  0.146212  0.201141  0.235349  0.422078        0.196296       NaN  0.179377  0.173573  0.277778    0.170694  0.208907  0.313468    0.116133   0.130927
2017      0.020833        0.013636      0.133056  0.188740  0.148148  0.209127  0.212733        0.000000  0.290833   0.321333       0.156871     0.300000  0.068452      0.257184   0.133333  0.205412        0.242169       0.316848  0.175604       0.000000  0.213980  0.037500   0.262064  0.050000  0.175529      0.191041  0.093910  0.271939  0.272101  0.025000        0.099474  0.041667  0.221945  0.201248  0.143056    0.089444  0.245295  0.293175    0.147204   0.137009
2018      0.060000        0.260000      0.116038  0.154996  0.166667  0.423990  0.192043        0.000000  0.025000   0.144537       0.170585     0.257143  0.033333      0.228555   0.477857  0.313124        0.164781       0.250000  0.266667            NaN  0.082353  0.166667   0.223214  0.033333  0.150385      0.363645  0.283951  0.236067  0.262081  0.441667        0.087500  0.350000  0.144118  0.199956  0.000000    0.179104  0.185942  0.190919    0.107772   0.163080
2019      0.275000        0.351389      0.200000  0.126516  0.083889  0.061765  0.204466        0.000000  0.366667   0.142857       0.140722     0.108333  0.308333      0.195139   0.210000  0.142517        0.228197       0.290165  0.156913            NaN  0.448252  0.108918   0.126540  0.016667  0.169250      0.158712  0.137500  0.294865  0.256747  0.437500        0.194048       NaN  0.189307  0.189587  0.425000    0.200000  0.207790  0.279051    0.173241   0.121033
2020      0.066667        0.000000      0.176875  0.121625  0.037037  0.069697  0.135240             NaN  0.000000   0.009524       0.169863     0.151515  0.458333      0.136250   0.150000  0.163017        0.131313       0.295978  0.129167            NaN  0.193545  0.018182   0.122222  0.179167  0.139796      0.140950  0.098990  0.219802  0.172659  0.105952        0.175000       NaN  0.212621  0.185852  0.000000    0.115942  0.167545  0.555556    0.102505   0.097104
2021      0.100000        0.033333      0.583333  0.174677  0.000000  0.166667  0.180135             NaN  0.000000   0.270000       0.169540     0.000000       NaN      0.228571   0.400000  0.201923        0.223156       0.130952  0.066667       0.400000  0.227273  0.104000   0.193056  0.316667  0.152021      0.418287  0.096429  0.208974  0.273974  0.000000        0.220000       NaN  0.000000  0.207287  0.000000    0.090833  0.134585  0.391667    0.064815   0.146209

